a matrix: 
[[10  6 -3]
 [ 8 11  2]
 [ 7 -1  9]]

b vector: 
[27, 17, 12]

A matrix: 
[[ 10.   6.  -3. -27.]
 [  8.  11.   2. -17.]
 [  7.  -1.   9. -12.]
 [  0.   0.   0.   1.]]

U matrix: 
[[ 1.00000000e+01  6.00000000e+00 -3.00000000e+00 -2.70000000e+01]
 [ 1.14645309e+00  6.88787185e+00  4.05606407e+00  1.50457666e+00]
 [ 2.53675535e+00 -5.47777721e+00  9.06167438e+00 -1.28459751e+00]
 [ 3.10469150e-01 -2.67779642e-02 -8.62845513e-02  1.18625088e-01]]

Z matrix: 
[[ 0.33825505  0.20295303 -0.10147651 -0.91328862]
 [ 0.13957022  0.83853565  0.49378885  0.1831685 ]
 [ 0.23137518 -0.49962315  0.82650719 -0.11716699]
 [ 0.90142621 -0.07774801 -0.25052137  0.34441993]]

x: =  
X[0] = 2.6172300981461283
X[1] = -0.22573609596510255
X[2] = -0.7273718647764442

Вектор невязки: [0.00000000e+00 1.06581410e-14 1.77635684e-15]

Норма невязки : 1.0805156823142815e-14FSDFSDFSDFSDFSDFSDFSDFSD